{
 "cells": [
  {
   "cell_type": "markdown",
   "metadata": {},
   "source": [
    "This is some interesting maths...\n",
    "\n",
    "$\\sum{}_{i=1}^{n} i = \\frac{n(n+1)}{2}$"
   ]
  },
  {
   "cell_type": "code",
   "execution_count": 1,
   "metadata": {},
   "outputs": [],
   "source": [
    "#imports\n",
    "\n",
    "import pandas as pd\n",
    "import numpy as np\n",
    "import matplotlib.pyplot as plt\n",
    "import re\n",
    "\n",
    "from import_OMNI import read_OMNI, nan_value\n",
    "from entropy import H, MI, CMI, entropy_matrix\n",
    "from storm_selection import findSeq\n",
    "\n",
    "%matplotlib widget\n",
    "%matplotlib inline"
   ]
  },
  {
   "cell_type": "code",
   "execution_count": 2,
   "metadata": {},
   "outputs": [
    {
     "name": "stderr",
     "output_type": "stream",
     "text": [
      "c:\\Users\\Aarnav\\Downloads\\UROP2024\\UROP2024\\src\\import_OMNI.py:39: FutureWarning: Support for nested sequences for 'parse_dates' in pd.read_csv is deprecated. Combine the desired columns with pd.to_datetime after parsing instead.\n",
      "  df = pd.read_csv(\n"
     ]
    },
    {
     "name": "stdout",
     "output_type": "stream",
     "text": [
      "['Datetime', 'Field magnitude average, nT', 'BX, nT (GSE, GSM)', 'BY, nT (GSE)', 'BZ, nT (GSE)', 'BY, nT (GSM)', 'BZ, nT (GSM)', 'RMS SD B scalar, nT', 'RMS SD field vector, nT', 'Speed, km/s', 'Vx Velocity,km/s', 'Vy Velocity, km/s', 'Vz Velocity, km/s', 'Proton Density, n/cc', 'Proton Temperature, K', 'Na/Np Ratio', 'Flow pressure, nPa', 'Electric field, mV/m', 'Plasma beta', 'Alfven mach number', 'Magnetosonic Mach number', 'AE-index, nT', 'AL-index, nT', 'AU-index, nT', 'SYM/D, nT', 'SYM/H, nT', 'ASY/D, nT', 'ASY/H, nT']\n"
     ]
    }
   ],
   "source": [
    "df = read_OMNI(\n",
    "    filepath=\"../datasets/test_2.txt\",\n",
    "    formatpath=\"../data_format/test_2_format.txt\",\n",
    ")\n",
    "print(list(df))\n"
   ]
  },
  {
   "cell_type": "code",
   "execution_count": 8,
   "metadata": {},
   "outputs": [],
   "source": [
    "# for column in list(df)[1:]:\n",
    "    plt.plot(df[\"Datetime\"], df[column], label=column)\n",
    "# plt.plot(df[\"Datetime\"], df[\"BZ\"], label=\"BZ\")\n",
    "# plt.plot(df[\"Datetime\"], df[\"SYM/H\"], label=\"SYM/H\")\n",
    "# plt.hist(df[\"SYM/H\"], 150)\n",
    "plt.legend()\n",
    "plt.show()"
   ]
  },
  {
   "cell_type": "code",
   "execution_count": 4,
   "metadata": {},
   "outputs": [
    {
     "data": {
      "text/plain": [
       "array([[ 5.56700277e+00,  4.76550940e-01,  7.75912188e-01,\n",
       "         4.65240388e-01,  7.16454127e-01,  5.14914179e-01,\n",
       "         3.18967393e-02,  4.64568890e-02,  1.86554702e-01,\n",
       "         1.84872292e-01,  1.12237294e-01,  8.29883804e-02,\n",
       "         2.20384383e-01,  7.25417822e-02, -1.30503705e-01,\n",
       "         2.82947617e-01,  4.04215494e-01,  1.73673045e-01,\n",
       "         5.95308202e-01,  4.90077146e-01,  7.63769163e-02,\n",
       "         4.99027134e-03, -4.85688134e-01,  8.49312183e-02,\n",
       "         1.09661581e-01, -5.43706371e-01,  1.89551315e-01],\n",
       "       [ 4.76550940e-01,  5.88428560e+00,  2.92087478e-01,\n",
       "         9.49979135e-02,  2.70216980e-01,  9.50490094e-02,\n",
       "         1.83921411e-02,  2.57181429e-02,  1.38580899e-01,\n",
       "         1.37069142e-01,  9.85707017e-02,  5.51780506e-02,\n",
       "         1.00952698e-01,  6.59432284e-02, -2.11263270e-01,\n",
       "         1.25933945e-01,  9.55857736e-02,  4.58901709e-02,\n",
       "         1.66896250e-01,  1.71409778e-01, -2.44028364e-02,\n",
       "        -6.98586971e-02, -5.86436410e-01,  4.43117253e-02,\n",
       "        -1.35489526e-02, -6.43063521e-01,  6.01349955e-02],\n",
       "       [ 7.75912188e-01,  2.92087478e-01,  5.94743989e+00,\n",
       "         9.84368023e-02,  2.15995855e+00,  1.31672041e-01,\n",
       "         2.19476341e-02,  3.60045743e-02,  1.28253592e-01,\n",
       "         1.27242690e-01,  1.44131416e-01,  4.98220328e-02,\n",
       "         1.14664317e-01,  3.26309907e-02, -2.03749159e-01,\n",
       "         1.52324659e-01,  1.12980722e-01,  3.80925871e-02,\n",
       "         2.29206907e-01,  2.29370315e-01,  2.57333792e-02,\n",
       "        -3.66400710e-02, -5.35283686e-01,  5.71480977e-02,\n",
       "         3.81526410e-02, -5.99563026e-01,  1.12370836e-01],\n",
       "       [ 4.65240388e-01,  9.49979135e-02,  9.84368023e-02,\n",
       "         5.51710216e+00,  1.09030059e-01,  1.50982306e+00,\n",
       "         1.96735396e-02,  2.49828008e-02,  1.15239077e-01,\n",
       "         1.13687864e-01,  7.08419928e-02,  1.03127752e-01,\n",
       "         1.26163569e-01,  3.57057963e-02,  2.29252724e-02,\n",
       "         1.54887605e-01,  1.35748122e+00,  1.97932538e-02,\n",
       "         1.09757631e-01,  1.16711626e-01,  1.66274127e-01,\n",
       "         9.63661744e-02, -4.34567122e-01,  6.76775144e-02,\n",
       "         5.68419042e-02, -5.80073978e-01,  1.52669026e-01],\n",
       "       [ 7.16454127e-01,  2.70216980e-01,  2.15995855e+00,\n",
       "         1.09030059e-01,  5.93339006e+00,  1.02252170e-01,\n",
       "         2.18109891e-02,  3.54085495e-02,  1.16510127e-01,\n",
       "         1.15233851e-01,  1.27526758e-01,  4.40740342e-02,\n",
       "         1.18274600e-01,  2.59187059e-02, -3.03974716e-02,\n",
       "         1.53313544e-01,  8.67560919e-02,  3.35399632e-02,\n",
       "         2.04137265e-01,  2.05218635e-01,  1.87095300e-02,\n",
       "        -4.45759484e-02, -5.40270335e-01,  5.15794646e-02,\n",
       "         2.08577193e-02, -6.12019355e-01,  9.81223839e-02],\n",
       "       [ 5.14914179e-01,  9.50490094e-02,  1.31672041e-01,\n",
       "         1.50982306e+00,  1.02252170e-01,  5.61203695e+00,\n",
       "         1.87797682e-02,  2.53715527e-02,  1.23366495e-01,\n",
       "         1.21564746e-01,  6.52361945e-02,  9.15932655e-02,\n",
       "         1.14224725e-01,  3.51861676e-02, -2.64519876e-02,\n",
       "         1.44216647e-01,  2.99437651e+00,  2.14770291e-02,\n",
       "         1.38619054e-01,  1.45376750e-01,  2.58854508e-01,\n",
       "         1.73071759e-01, -3.59812346e-01,  7.21976146e-02,\n",
       "         9.28818674e-02, -5.47105451e-01,  1.98500486e-01],\n",
       "       [ 3.18967393e-02,  1.83921411e-02,  2.19476341e-02,\n",
       "         1.96735396e-02,  2.18109891e-02,  1.87797682e-02,\n",
       "         1.82043998e+00,  3.36431968e-01, -4.28257767e-02,\n",
       "        -4.30485803e-02, -4.45722317e-02, -4.78036391e-02,\n",
       "        -6.62466240e-04, -2.52034138e-02, -2.30761349e-01,\n",
       "         1.34988857e-02, -4.69405949e-02, -4.69798508e-02,\n",
       "        -4.38701089e-02, -5.00074722e-02, -5.07003336e-02,\n",
       "        -9.56151540e-02, -6.14610800e-01,  1.38415138e-02,\n",
       "        -9.98243164e-02, -6.85825871e-01,  1.58980166e-02],\n",
       "       [ 4.64568890e-02,  2.57181429e-02,  3.60045743e-02,\n",
       "         2.49828008e-02,  3.54085495e-02,  2.53715527e-02,\n",
       "         3.36431968e-01,  3.82394460e+00, -1.23774267e-01,\n",
       "        -1.25427016e-01, -1.42030486e-01, -1.45972541e-01,\n",
       "        -1.47781546e-01, -9.43806237e-02, -7.58174574e-01,\n",
       "        -1.24795234e-01, -1.51161470e-01, -1.76026496e-01,\n",
       "        -1.65769508e-01, -1.60159996e-01, -4.25853375e-02,\n",
       "        -8.80873723e-02, -6.07350768e-01,  1.54754122e-02,\n",
       "        -9.87587590e-02, -6.80069325e-01,  2.01271732e-02],\n",
       "       [ 1.86554702e-01,  1.38580899e-01,  1.28253592e-01,\n",
       "         1.15239077e-01,  1.16510127e-01,  1.23366495e-01,\n",
       "        -4.28257767e-02, -1.23774267e-01,  6.65768575e+00,\n",
       "         5.46264558e+00,  1.76555652e-01,  1.35474634e-01,\n",
       "         2.96103141e-01,  3.87560444e-01,  2.60703281e-01,\n",
       "         1.49285944e-01,  1.80454176e-01,  5.88529593e-02,\n",
       "         9.91686550e-02,  2.17457780e-01,  6.14562485e-02,\n",
       "         1.09566473e-02, -5.20898608e-01,  8.13890336e-02,\n",
       "         1.47966432e-01, -5.78726502e-01,  1.32214059e-01],\n",
       "       [ 1.84872292e-01,  1.37069142e-01,  1.27242690e-01,\n",
       "         1.13687864e-01,  1.15233851e-01,  1.21564746e-01,\n",
       "        -4.30485803e-02, -1.25427016e-01,  5.46264558e+00,\n",
       "         6.63675921e+00,  1.71988194e-01,  1.29797880e-01,\n",
       "         2.96294974e-01,  3.82074810e-01,  2.31319848e-01,\n",
       "         1.48369260e-01,  1.77282053e-01,  5.76188234e-02,\n",
       "         1.00012165e-01,  2.19786602e-01,  6.13745450e-02,\n",
       "         1.13535598e-02, -5.21535955e-01,  8.13825527e-02,\n",
       "         1.46681770e-01, -5.79631783e-01,  1.31148603e-01],\n",
       "       [ 1.12237294e-01,  9.85707017e-02,  1.44131416e-01,\n",
       "         7.08419928e-02,  1.27526758e-01,  6.52361945e-02,\n",
       "        -4.45722317e-02, -1.42030486e-01,  1.76555652e-01,\n",
       "         1.71988194e-01,  5.44950962e+00,  7.30823374e-02,\n",
       "         7.12789548e-02,  1.63972116e-01, -3.01634359e-01,\n",
       "         8.41466518e-02,  8.75675872e-02,  1.66102759e-02,\n",
       "         5.10456376e-02,  6.52540579e-02, -2.63189744e-02,\n",
       "        -6.65703448e-02, -5.93001260e-01,  2.65033420e-02,\n",
       "        -5.67050707e-02, -6.61544873e-01,  3.61974559e-02],\n",
       "       [ 8.29883804e-02,  5.51780506e-02,  4.98220328e-02,\n",
       "         1.03127752e-01,  4.40740342e-02,  9.15932655e-02,\n",
       "        -4.78036391e-02, -1.45972541e-01,  1.35474634e-01,\n",
       "         1.29797880e-01,  7.30823374e-02,  5.34665947e+00,\n",
       "         5.85713317e-02,  8.08405572e-02, -7.52638386e-01,\n",
       "         6.14936589e-02,  1.17322696e-01,  1.86003541e-02,\n",
       "         4.05641895e-02,  4.92611760e-02, -3.46970087e-02,\n",
       "        -7.41052951e-02, -6.03334810e-01,  2.98259827e-02,\n",
       "        -6.98611629e-02, -6.66852088e-01,  2.77793214e-02],\n",
       "       [ 2.20384383e-01,  1.00952698e-01,  1.14664317e-01,\n",
       "         1.26163569e-01,  1.18274600e-01,  1.14224725e-01,\n",
       "        -6.62466240e-04, -1.47781546e-01,  2.96103141e-01,\n",
       "         2.96294974e-01,  7.12789548e-02,  5.85713317e-02,\n",
       "         5.20582694e+00,  9.56520839e-02,  1.72921796e-01,\n",
       "         8.68202182e-01,  9.31283193e-02,  7.65933522e-02,\n",
       "         1.34762112e-01,  1.37318546e-01, -1.43637396e-02,\n",
       "        -5.87788055e-02, -5.65662583e-01,  5.79023336e-02,\n",
       "         7.73404383e-02, -6.42882604e-01,  6.01606615e-02],\n",
       "       [ 7.25417822e-02,  6.59432284e-02,  3.26309907e-02,\n",
       "         3.57057963e-02,  2.59187059e-02,  3.51861676e-02,\n",
       "        -2.52034138e-02, -9.43806237e-02,  3.87560444e-01,\n",
       "         3.82074810e-01,  1.63972116e-01,  8.08405572e-02,\n",
       "         9.56520839e-02,  3.01139724e+00, -8.54117550e-01,\n",
       "         6.99303132e-02,  6.48377396e-02,  2.01498861e-02,\n",
       "         5.41330979e-02,  5.64325728e-02, -1.64242050e-02,\n",
       "        -6.73598110e-02, -5.85453982e-01,  2.11577445e-02,\n",
       "        -6.09043395e-02, -6.70409992e-01,  4.31783582e-02],\n",
       "       [-1.30503705e-01, -2.11263270e-01, -2.03749159e-01,\n",
       "         2.29252724e-02, -3.03974716e-02, -2.64519876e-02,\n",
       "        -2.30761349e-01, -7.58174574e-01,  2.60703281e-01,\n",
       "         2.31319848e-01, -3.01634359e-01, -7.52638386e-01,\n",
       "         1.72921796e-01, -8.54117550e-01,  4.96734650e+00,\n",
       "        -4.77565403e-04, -2.49790814e-01, -3.98833960e-01,\n",
       "        -4.10430623e-01,  3.56140711e-01, -3.65511971e-01,\n",
       "        -9.02531760e-02, -7.82573685e-01,  2.98477081e-01,\n",
       "        -3.88360781e-01, -6.29081129e-01, -1.24036941e+00],\n",
       "       [ 2.82947617e-01,  1.25933945e-01,  1.52324659e-01,\n",
       "         1.54887605e-01,  1.53313544e-01,  1.44216647e-01,\n",
       "         1.34988857e-02, -1.24795234e-01,  1.49285944e-01,\n",
       "         1.48369260e-01,  8.41466518e-02,  6.14936589e-02,\n",
       "         8.68202182e-01,  6.99303132e-02, -4.77565403e-04,\n",
       "         4.49486061e+00,  1.64194121e-01,  3.74998235e-02,\n",
       "         1.84818332e-01,  2.12005685e-01,  3.47467024e-02,\n",
       "        -2.96831831e-02, -5.08570147e-01,  7.04214530e-02,\n",
       "         1.49499243e-02, -6.14847471e-01,  1.11844929e-01],\n",
       "       [ 4.04215494e-01,  9.55857736e-02,  1.12980722e-01,\n",
       "         1.35748122e+00,  8.67560919e-02,  2.99437651e+00,\n",
       "        -4.69405949e-02, -1.51161470e-01,  1.80454176e-01,\n",
       "         1.77282053e-01,  8.75675872e-02,  1.17322696e-01,\n",
       "         9.31283193e-02,  6.48377396e-02, -2.49790814e-01,\n",
       "         1.64194121e-01,  4.85244559e+00,  3.97730372e-02,\n",
       "         1.24087074e-01,  1.19439416e-01,  2.84172330e-01,\n",
       "         2.00109751e-01, -3.47138198e-01,  7.40110998e-02,\n",
       "         9.42967202e-02, -5.32868001e-01,  2.18988331e-01],\n",
       "       [ 1.73673045e-01,  4.58901709e-02,  3.80925871e-02,\n",
       "         1.97932538e-02,  3.35399632e-02,  2.14770291e-02,\n",
       "        -4.69798508e-02, -1.76026496e-01,  5.88529593e-02,\n",
       "         5.76188234e-02,  1.66102759e-02,  1.86003541e-02,\n",
       "         7.65933522e-02,  2.01498861e-02, -3.98833960e-01,\n",
       "         3.74998235e-02,  3.97730372e-02,  6.69521169e-01,\n",
       "         3.95195930e-01,  1.23790933e-01, -6.49939495e-02,\n",
       "        -1.00962845e-01, -6.33575821e-01,  2.65503674e-03,\n",
       "        -1.14924905e-01, -6.99826666e-01, -6.97180884e-03],\n",
       "       [ 5.95308202e-01,  1.66896250e-01,  2.29206907e-01,\n",
       "         1.09757631e-01,  2.04137265e-01,  1.38619054e-01,\n",
       "        -4.38701089e-02, -1.65769508e-01,  9.91686550e-02,\n",
       "         1.00012165e-01,  5.10456376e-02,  4.05641895e-02,\n",
       "         1.34762112e-01,  5.41330979e-02, -4.10430623e-01,\n",
       "         1.84818332e-01,  1.24087074e-01,  3.95195930e-01,\n",
       "         3.80890082e+00,  1.64273370e+00, -4.09225944e-02,\n",
       "        -8.17323005e-02, -6.10506822e-01,  2.33729259e-02,\n",
       "        -4.02782152e-02, -6.60673375e-01,  3.12688265e-02],\n",
       "       [ 4.90077146e-01,  1.71409778e-01,  2.29370315e-01,\n",
       "         1.16711626e-01,  2.05218635e-01,  1.45376750e-01,\n",
       "        -5.00074722e-02, -1.60159996e-01,  2.17457780e-01,\n",
       "         2.19786602e-01,  6.52540579e-02,  4.92611760e-02,\n",
       "         1.37318546e-01,  5.64325728e-02,  3.56140711e-01,\n",
       "         2.12005685e-01,  1.19439416e-01,  1.23790933e-01,\n",
       "         1.64273370e+00,  5.67014904e+00, -2.47529875e-02,\n",
       "        -6.62873162e-02, -5.92260172e-01,  3.58424249e-02,\n",
       "        -1.59042864e-02, -6.46733646e-01,  4.57688743e-02],\n",
       "       [ 7.63769163e-02, -2.44028364e-02,  2.57333792e-02,\n",
       "         1.66274127e-01,  1.87095300e-02,  2.58854508e-01,\n",
       "        -5.07003336e-02, -4.25853375e-02,  6.14562485e-02,\n",
       "         6.13745450e-02, -2.63189744e-02, -3.46970087e-02,\n",
       "        -1.43637396e-02, -1.64242050e-02, -3.65511971e-01,\n",
       "         3.47467024e-02,  2.84172330e-01, -6.49939495e-02,\n",
       "        -4.09225944e-02, -2.47529875e-02,  5.18830254e+00,\n",
       "         1.70305862e+00,  1.13835912e+00,  8.40410594e-02,\n",
       "         2.55926435e-01,  2.32601939e-01,  3.59624419e-01],\n",
       "       [ 4.99027134e-03, -6.98586971e-02, -3.66400710e-02,\n",
       "         9.63661744e-02, -4.45759484e-02,  1.73071759e-01,\n",
       "        -9.56151540e-02, -8.80873723e-02,  1.09566473e-02,\n",
       "         1.13535598e-02, -6.65703448e-02, -7.41052951e-02,\n",
       "        -5.87788055e-02, -6.73598110e-02, -9.02531760e-02,\n",
       "        -2.96831831e-02,  2.00109751e-01, -1.00962845e-01,\n",
       "        -8.17323005e-02, -6.62873162e-02,  1.70305862e+00,\n",
       "         4.70739648e+00,  5.29313892e-01,  8.23793447e-02,\n",
       "         2.59009714e-01,  2.10356555e-01,  3.39512063e-01],\n",
       "       [-4.85688134e-01, -5.86436410e-01, -5.35283686e-01,\n",
       "        -4.34567122e-01, -5.40270335e-01, -3.59812346e-01,\n",
       "        -6.14610800e-01, -6.07350768e-01, -5.20898608e-01,\n",
       "        -5.21535955e-01, -5.93001260e-01, -6.03334810e-01,\n",
       "        -5.65662583e-01, -5.85453982e-01, -7.82573685e-01,\n",
       "        -5.08570147e-01, -3.47138198e-01, -6.33575821e-01,\n",
       "        -6.10506822e-01, -5.92260172e-01,  1.13835912e+00,\n",
       "         5.29313892e-01,  4.38789383e+00,  6.89610541e-02,\n",
       "         2.02271731e-01,  1.76971751e-01,  2.58544828e-01],\n",
       "       [ 8.49312183e-02,  4.43117253e-02,  5.71480977e-02,\n",
       "         6.76775144e-02,  5.15794646e-02,  7.21976146e-02,\n",
       "         1.38415138e-02,  1.54754122e-02,  8.13890336e-02,\n",
       "         8.13825527e-02,  2.65033420e-02,  2.98259827e-02,\n",
       "         5.79023336e-02,  2.11577445e-02,  2.98477081e-01,\n",
       "         7.04214530e-02,  7.40110998e-02,  2.65503674e-03,\n",
       "         2.33729259e-02,  3.58424249e-02,  8.40410594e-02,\n",
       "         8.23793447e-02,  6.89610541e-02,  3.82252030e+00,\n",
       "         1.38030569e-01,  1.19488118e-01,  9.96271941e-02],\n",
       "       [ 1.09661581e-01, -1.35489526e-02,  3.81526410e-02,\n",
       "         5.68419042e-02,  2.08577193e-02,  9.28818674e-02,\n",
       "        -9.98243164e-02, -9.87587590e-02,  1.47966432e-01,\n",
       "         1.46681770e-01, -5.67050707e-02, -6.98611629e-02,\n",
       "         7.73404383e-02, -6.09043395e-02, -3.88360781e-01,\n",
       "         1.49499243e-02,  9.42967202e-02, -1.14924905e-01,\n",
       "        -4.02782152e-02, -1.59042864e-02,  2.55926435e-01,\n",
       "         2.59009714e-01,  2.02271731e-01,  1.38030569e-01,\n",
       "         5.31248829e+00,  2.73288181e-01,  3.66051587e-01],\n",
       "       [-5.43706371e-01, -6.43063521e-01, -5.99563026e-01,\n",
       "        -5.80073978e-01, -6.12019355e-01, -5.47105451e-01,\n",
       "        -6.85825871e-01, -6.80069325e-01, -5.78726502e-01,\n",
       "        -5.79631783e-01, -6.61544873e-01, -6.66852088e-01,\n",
       "        -6.42882604e-01, -6.70409992e-01, -6.29081129e-01,\n",
       "        -6.14847471e-01, -5.32868001e-01, -6.99826666e-01,\n",
       "        -6.60673375e-01, -6.46733646e-01,  2.32601939e-01,\n",
       "         2.10356555e-01,  1.76971751e-01,  1.19488118e-01,\n",
       "         2.73288181e-01,  4.49406704e+00,  2.93738126e-01],\n",
       "       [ 1.89551315e-01,  6.01349955e-02,  1.12370836e-01,\n",
       "         1.52669026e-01,  9.81223839e-02,  1.98500486e-01,\n",
       "         1.58980166e-02,  2.01271732e-02,  1.32214059e-01,\n",
       "         1.31148603e-01,  3.61974559e-02,  2.77793214e-02,\n",
       "         6.01606615e-02,  4.31783582e-02, -1.24036941e+00,\n",
       "         1.11844929e-01,  2.18988331e-01, -6.97180884e-03,\n",
       "         3.12688265e-02,  4.57688743e-02,  3.59624419e-01,\n",
       "         3.39512063e-01,  2.58544828e-01,  9.96271941e-02,\n",
       "         3.66051587e-01,  2.93738126e-01,  4.10304518e+00]])"
      ]
     },
     "execution_count": 4,
     "metadata": {},
     "output_type": "execute_result"
    }
   ],
   "source": [
    "entropy_matrix(df)"
   ]
  },
  {
   "cell_type": "code",
   "execution_count": 5,
   "metadata": {},
   "outputs": [
    {
     "name": "stdout",
     "output_type": "stream",
     "text": [
      "Min / max thresholds are: 20.00 , 100.00\n",
      "15 sequences found.\n",
      "Joining two sequences next to each other (within the threshold).\n",
      "Joining two sequences next to each other (within the threshold).\n"
     ]
    },
    {
     "data": {
      "text/plain": [
       "[29677,\n",
       " 29678,\n",
       " 29679,\n",
       " 29680,\n",
       " 29681,\n",
       " 29682,\n",
       " 29683,\n",
       " 29684,\n",
       " 29685,\n",
       " 29686,\n",
       " 29687,\n",
       " 29688,\n",
       " 29689,\n",
       " 29690,\n",
       " 29691,\n",
       " 29692,\n",
       " 29693,\n",
       " 29694,\n",
       " 29695,\n",
       " 29696,\n",
       " 29697,\n",
       " 29698,\n",
       " 29699,\n",
       " 29700,\n",
       " 29701,\n",
       " 29702,\n",
       " 29703,\n",
       " 29704,\n",
       " 29705,\n",
       " 29706,\n",
       " 29707,\n",
       " 29708,\n",
       " 29709,\n",
       " 29710,\n",
       " 29711,\n",
       " 29712,\n",
       " 29713,\n",
       " 29714,\n",
       " 29715,\n",
       " 29716,\n",
       " 29717,\n",
       " 29718,\n",
       " 29719,\n",
       " 29720,\n",
       " 29721,\n",
       " 29722,\n",
       " 29723,\n",
       " 29724,\n",
       " 29725,\n",
       " 29726,\n",
       " 29727,\n",
       " 29728,\n",
       " 29729,\n",
       " 29730,\n",
       " 29731,\n",
       " 29732,\n",
       " 29733,\n",
       " 29734,\n",
       " 29735,\n",
       " 29736,\n",
       " 29737,\n",
       " 29738,\n",
       " 29739,\n",
       " 29740,\n",
       " 29741,\n",
       " 29742,\n",
       " 29743,\n",
       " 29744,\n",
       " 29745,\n",
       " 29746,\n",
       " 29747,\n",
       " 29748,\n",
       " 29749,\n",
       " 29750,\n",
       " 29751,\n",
       " 29752,\n",
       " 29753,\n",
       " 29754,\n",
       " 29755,\n",
       " 29756,\n",
       " 29757,\n",
       " 29758,\n",
       " 29759,\n",
       " 29760,\n",
       " 29761,\n",
       " 29762,\n",
       " 29763,\n",
       " 29764,\n",
       " 29765,\n",
       " 29766,\n",
       " 29767,\n",
       " 29768,\n",
       " 29769,\n",
       " 29770,\n",
       " 29771,\n",
       " 29772,\n",
       " 29773,\n",
       " 29774,\n",
       " 29775,\n",
       " 29776,\n",
       " 29777,\n",
       " 29778,\n",
       " 29779,\n",
       " 29780,\n",
       " 29781,\n",
       " 29782,\n",
       " 29783,\n",
       " 29784,\n",
       " 29785,\n",
       " 29786,\n",
       " 29787,\n",
       " 29788,\n",
       " 29789,\n",
       " 29790,\n",
       " 29791,\n",
       " 29792,\n",
       " 29793,\n",
       " 29794,\n",
       " 29795,\n",
       " 29796,\n",
       " 29797,\n",
       " 29798,\n",
       " 29799,\n",
       " 29800,\n",
       " 29801,\n",
       " 29802,\n",
       " 29803,\n",
       " 29804,\n",
       " 29805,\n",
       " 29806,\n",
       " 29807,\n",
       " 29808,\n",
       " 29809,\n",
       " 29810,\n",
       " 29811,\n",
       " 29812,\n",
       " 29813,\n",
       " 29814,\n",
       " 29815,\n",
       " 29816,\n",
       " 29817,\n",
       " 29818,\n",
       " 29819,\n",
       " 29820,\n",
       " 29821,\n",
       " 29822,\n",
       " 29823,\n",
       " 29824,\n",
       " 29825,\n",
       " 29826,\n",
       " 29827,\n",
       " 29828,\n",
       " 29829,\n",
       " 29830,\n",
       " 29831,\n",
       " 29832,\n",
       " 29833,\n",
       " 29834,\n",
       " 29835,\n",
       " 29836,\n",
       " 29837,\n",
       " 29838,\n",
       " 29839,\n",
       " 29840,\n",
       " 29841,\n",
       " 29842,\n",
       " 29843,\n",
       " 29844,\n",
       " 29845,\n",
       " 29846,\n",
       " 29847,\n",
       " 29848,\n",
       " 29849,\n",
       " 29850,\n",
       " 29851,\n",
       " 29852,\n",
       " 29853,\n",
       " 29854,\n",
       " 29855,\n",
       " 29856,\n",
       " 29857,\n",
       " 29858,\n",
       " 29859,\n",
       " 29860,\n",
       " 29861,\n",
       " 29862,\n",
       " 29863,\n",
       " 29864,\n",
       " 29865,\n",
       " 29866,\n",
       " 29867,\n",
       " 29868,\n",
       " 29869,\n",
       " 29870,\n",
       " 29871,\n",
       " 29872,\n",
       " 29873,\n",
       " 29874,\n",
       " 29875,\n",
       " 29876,\n",
       " 29877,\n",
       " 29878,\n",
       " 29879,\n",
       " 29880,\n",
       " 29881,\n",
       " 29882,\n",
       " 29883,\n",
       " 29884,\n",
       " 29885,\n",
       " 29886,\n",
       " 29887,\n",
       " 29888,\n",
       " 29889,\n",
       " 29890,\n",
       " 29891,\n",
       " 29892,\n",
       " 29893,\n",
       " 29894,\n",
       " 29895,\n",
       " 29896,\n",
       " 29897,\n",
       " 29898,\n",
       " 29899,\n",
       " 29900,\n",
       " 29901,\n",
       " 29902,\n",
       " 29903,\n",
       " 29904,\n",
       " 29905,\n",
       " 29906,\n",
       " 29907,\n",
       " 29908,\n",
       " 29909,\n",
       " 29910,\n",
       " 29911,\n",
       " 29912,\n",
       " 29913,\n",
       " 29914,\n",
       " 29915,\n",
       " 29916,\n",
       " 29917,\n",
       " 29918,\n",
       " 29919,\n",
       " 29920,\n",
       " 29921,\n",
       " 29922,\n",
       " 29923,\n",
       " 29924,\n",
       " 29925,\n",
       " 29926,\n",
       " 29927,\n",
       " 29928,\n",
       " 29929,\n",
       " 29930,\n",
       " 29931,\n",
       " 29932,\n",
       " 29933,\n",
       " 29934,\n",
       " 29935,\n",
       " 29936,\n",
       " 29937,\n",
       " 29938,\n",
       " 29939,\n",
       " 29940,\n",
       " 29941,\n",
       " 29942,\n",
       " 29943,\n",
       " 29944,\n",
       " 29945,\n",
       " 29946,\n",
       " 29947,\n",
       " 29948,\n",
       " 29949,\n",
       " 29950,\n",
       " 29951,\n",
       " 29952,\n",
       " 29953,\n",
       " 29954,\n",
       " 29955,\n",
       " 29956,\n",
       " 29957,\n",
       " 29958,\n",
       " 29959,\n",
       " 29960,\n",
       " 29961,\n",
       " 29962,\n",
       " 29963,\n",
       " 29964,\n",
       " 29965,\n",
       " 29966,\n",
       " 29967,\n",
       " 29968,\n",
       " 29969,\n",
       " 29970,\n",
       " 29971,\n",
       " 29972,\n",
       " 29973,\n",
       " 29974,\n",
       " 29975,\n",
       " 29976,\n",
       " 29977,\n",
       " 29978,\n",
       " 29979,\n",
       " 29980,\n",
       " 29981,\n",
       " 29982,\n",
       " 29983,\n",
       " 29984,\n",
       " 29985,\n",
       " 29986,\n",
       " 29987,\n",
       " 29988,\n",
       " 29989,\n",
       " 29990,\n",
       " 29991,\n",
       " 29992,\n",
       " 29993,\n",
       " 29994,\n",
       " 29995,\n",
       " 29996,\n",
       " 29997,\n",
       " 29998,\n",
       " 29999,\n",
       " 30000,\n",
       " 30001,\n",
       " 30002,\n",
       " 30003,\n",
       " 30004,\n",
       " 30005,\n",
       " 30006,\n",
       " 30007,\n",
       " 30008,\n",
       " 30009,\n",
       " 30010,\n",
       " 30011,\n",
       " 30012,\n",
       " 30013,\n",
       " 30014,\n",
       " 30015,\n",
       " 30016,\n",
       " 30017,\n",
       " 30018,\n",
       " 30019,\n",
       " 30020,\n",
       " 30021,\n",
       " 30022,\n",
       " 30023,\n",
       " 30024,\n",
       " 30025,\n",
       " 30026,\n",
       " 30027,\n",
       " 30028,\n",
       " 30029,\n",
       " 30030,\n",
       " 30031,\n",
       " 30032,\n",
       " 30033,\n",
       " 30034,\n",
       " 30035,\n",
       " 30036,\n",
       " 30037,\n",
       " 30038,\n",
       " 30039,\n",
       " 30040,\n",
       " 30041,\n",
       " 30042,\n",
       " 30043,\n",
       " 30044,\n",
       " 30045,\n",
       " 30046,\n",
       " 30047,\n",
       " 30048,\n",
       " 30049,\n",
       " 30050,\n",
       " 30051,\n",
       " 30052,\n",
       " 30053,\n",
       " 30054,\n",
       " 30055,\n",
       " 30056,\n",
       " 30057,\n",
       " 30058,\n",
       " 30059,\n",
       " 30060,\n",
       " 30061,\n",
       " 30062,\n",
       " 30063,\n",
       " 30064,\n",
       " 30065,\n",
       " 30066,\n",
       " 30067,\n",
       " 30068,\n",
       " 30069,\n",
       " 30070,\n",
       " 30071,\n",
       " 30072,\n",
       " 30073,\n",
       " 30074,\n",
       " 30075,\n",
       " 30076,\n",
       " 30077,\n",
       " 30078,\n",
       " 30079,\n",
       " 30080,\n",
       " 30081,\n",
       " 30082,\n",
       " 30083,\n",
       " 30084,\n",
       " 30085,\n",
       " 30086,\n",
       " 30087,\n",
       " 30088,\n",
       " 30089,\n",
       " 30090,\n",
       " 30091,\n",
       " 30092,\n",
       " 30093,\n",
       " 30094,\n",
       " 30095,\n",
       " 30096,\n",
       " 30097,\n",
       " 30098,\n",
       " 30099,\n",
       " 30100,\n",
       " 30101,\n",
       " 30102,\n",
       " 30103,\n",
       " 30104,\n",
       " 30105,\n",
       " 30106,\n",
       " 30107,\n",
       " 30108,\n",
       " 30109,\n",
       " 30110,\n",
       " 30111,\n",
       " 30112,\n",
       " 30113,\n",
       " 30114,\n",
       " 30115,\n",
       " 30116,\n",
       " 30117,\n",
       " 30118,\n",
       " 30119,\n",
       " 30120,\n",
       " 30121,\n",
       " 30122,\n",
       " 30123,\n",
       " 30124,\n",
       " 30125,\n",
       " 30126,\n",
       " 30127,\n",
       " 30128,\n",
       " 30129,\n",
       " 30130,\n",
       " 30131,\n",
       " 30132,\n",
       " 30133,\n",
       " 30134,\n",
       " 30135,\n",
       " 30136,\n",
       " 30137,\n",
       " 30138,\n",
       " 30139,\n",
       " 30140,\n",
       " 30141,\n",
       " 30142,\n",
       " 30143,\n",
       " 30144,\n",
       " 30145,\n",
       " 30146,\n",
       " 30147,\n",
       " 30148,\n",
       " 30149,\n",
       " 30150,\n",
       " 30151,\n",
       " 30152,\n",
       " 30153,\n",
       " 30154,\n",
       " 30155,\n",
       " 30156,\n",
       " 30157,\n",
       " 30158,\n",
       " 30159,\n",
       " 30160,\n",
       " 30161,\n",
       " 30162,\n",
       " 30163,\n",
       " 30164,\n",
       " 30165,\n",
       " 30166,\n",
       " 30167,\n",
       " 30168,\n",
       " 30169,\n",
       " 30170,\n",
       " 30171,\n",
       " 30172,\n",
       " 30173,\n",
       " 30174,\n",
       " 30175,\n",
       " 30176,\n",
       " 30177,\n",
       " 30178,\n",
       " 30179,\n",
       " 30180,\n",
       " 30181,\n",
       " 30182,\n",
       " 30183,\n",
       " 30184,\n",
       " 30185,\n",
       " 30186,\n",
       " 30187,\n",
       " 30188,\n",
       " 30189,\n",
       " 30190,\n",
       " 30191,\n",
       " 30192,\n",
       " 30193,\n",
       " 30194,\n",
       " 30195,\n",
       " 30196,\n",
       " 30197,\n",
       " 30198,\n",
       " 30199,\n",
       " 30200,\n",
       " 30201,\n",
       " 30202,\n",
       " 30203,\n",
       " 30204,\n",
       " 30205,\n",
       " 30206,\n",
       " 30207,\n",
       " 30208,\n",
       " 30209,\n",
       " 30210,\n",
       " 30211,\n",
       " 30212,\n",
       " 30213,\n",
       " 30214,\n",
       " 30215,\n",
       " 30216,\n",
       " 30217,\n",
       " 30218,\n",
       " 30219,\n",
       " 30220,\n",
       " 30221,\n",
       " 30222,\n",
       " 30223,\n",
       " 30224,\n",
       " 30225,\n",
       " 30226,\n",
       " 30227,\n",
       " 30228,\n",
       " 30229,\n",
       " 30230,\n",
       " 30231,\n",
       " 30232,\n",
       " 30233,\n",
       " 30234,\n",
       " 30235,\n",
       " 30236,\n",
       " 30237,\n",
       " 30238,\n",
       " 30239,\n",
       " 30240,\n",
       " 30241,\n",
       " 30242,\n",
       " 30243,\n",
       " 30244,\n",
       " 30245,\n",
       " 30246,\n",
       " 30247,\n",
       " 30248,\n",
       " 30249,\n",
       " 30250,\n",
       " 30251,\n",
       " 30252,\n",
       " 30253,\n",
       " 30254,\n",
       " 30255,\n",
       " 30256,\n",
       " 30257,\n",
       " 30258,\n",
       " 30259,\n",
       " 30260,\n",
       " 30261,\n",
       " 30262,\n",
       " 30263,\n",
       " 30264,\n",
       " 30265,\n",
       " 30266,\n",
       " 30267,\n",
       " 30268,\n",
       " 30269,\n",
       " 30270,\n",
       " 30271,\n",
       " 30272,\n",
       " 30273,\n",
       " 30274,\n",
       " 30275,\n",
       " 30276,\n",
       " 30277,\n",
       " 30278,\n",
       " 30279,\n",
       " 30280,\n",
       " 30281,\n",
       " 30282,\n",
       " 30283,\n",
       " 30284,\n",
       " 30285,\n",
       " 30286,\n",
       " 30287,\n",
       " 30288,\n",
       " 30289,\n",
       " 30290,\n",
       " 30291,\n",
       " 30292,\n",
       " 30293,\n",
       " 30294,\n",
       " 30295,\n",
       " 30296,\n",
       " 30297,\n",
       " 30298,\n",
       " 30299,\n",
       " 30300,\n",
       " 30301,\n",
       " 30302,\n",
       " 30303,\n",
       " 30304,\n",
       " 30305,\n",
       " 30306,\n",
       " 30307,\n",
       " 30308,\n",
       " 30309,\n",
       " 30310,\n",
       " 30311,\n",
       " 30312,\n",
       " 30313,\n",
       " 30314,\n",
       " 30315,\n",
       " 30316,\n",
       " 30317,\n",
       " 30318,\n",
       " 30319,\n",
       " 30320,\n",
       " 30321,\n",
       " 30322,\n",
       " 30323,\n",
       " 30324,\n",
       " 30325,\n",
       " 30326,\n",
       " 30327,\n",
       " 30328,\n",
       " 30329,\n",
       " 30330,\n",
       " 30331,\n",
       " 30332,\n",
       " 30333,\n",
       " 30334,\n",
       " 30335,\n",
       " 30336,\n",
       " 30337,\n",
       " 30338,\n",
       " 30339,\n",
       " 30340,\n",
       " 30341,\n",
       " 30342,\n",
       " 30343,\n",
       " 30344,\n",
       " 30345,\n",
       " 30346,\n",
       " 30347,\n",
       " 30348,\n",
       " 30349,\n",
       " 30350,\n",
       " 30351,\n",
       " 30352,\n",
       " 30353,\n",
       " 30354,\n",
       " 30355,\n",
       " 30356,\n",
       " 30357,\n",
       " 30358,\n",
       " 30359,\n",
       " 30360,\n",
       " 30361,\n",
       " 30362,\n",
       " 30363,\n",
       " 30364,\n",
       " 30365,\n",
       " 30366,\n",
       " 30367,\n",
       " 30368,\n",
       " 30369,\n",
       " 30370,\n",
       " 30371,\n",
       " 30372,\n",
       " 30373,\n",
       " 30374,\n",
       " 30375,\n",
       " 30376,\n",
       " 30377,\n",
       " 30378,\n",
       " 30379,\n",
       " 30380,\n",
       " 30381,\n",
       " 30382,\n",
       " 30383,\n",
       " 30384,\n",
       " 30385,\n",
       " 30386,\n",
       " 30387,\n",
       " 30388,\n",
       " 30389,\n",
       " 30390,\n",
       " 30391,\n",
       " 30392,\n",
       " 30393,\n",
       " 30394,\n",
       " 30395,\n",
       " 30396,\n",
       " 30397,\n",
       " 30398,\n",
       " 30399,\n",
       " 30400,\n",
       " 30401,\n",
       " 30402,\n",
       " 30403,\n",
       " 30404,\n",
       " 30405,\n",
       " 30406,\n",
       " 30407,\n",
       " 30408,\n",
       " 30409,\n",
       " 30410,\n",
       " 30411,\n",
       " 30412,\n",
       " 30413,\n",
       " 30414,\n",
       " 30415,\n",
       " 30416,\n",
       " 30417,\n",
       " 30418,\n",
       " 30419,\n",
       " 30420,\n",
       " 30421,\n",
       " 30422,\n",
       " 30423,\n",
       " 30424,\n",
       " 30425,\n",
       " 30426,\n",
       " 30427,\n",
       " 30428,\n",
       " 30429,\n",
       " 30430,\n",
       " 30431,\n",
       " 30432,\n",
       " 30433,\n",
       " 30434,\n",
       " 30435,\n",
       " 30436,\n",
       " 30437,\n",
       " 30438,\n",
       " 30439,\n",
       " 30440,\n",
       " 30441,\n",
       " 30442,\n",
       " 30443,\n",
       " 30444,\n",
       " 30445,\n",
       " 30446,\n",
       " 30447,\n",
       " 30448,\n",
       " 30449,\n",
       " 30450,\n",
       " 30451,\n",
       " 30452,\n",
       " 30453,\n",
       " 30454,\n",
       " 30455,\n",
       " 30456,\n",
       " 30457,\n",
       " 30458,\n",
       " 30459,\n",
       " 30460,\n",
       " 30461,\n",
       " 30462,\n",
       " 30463,\n",
       " 30464,\n",
       " 30465,\n",
       " 30466,\n",
       " 30467,\n",
       " 30468,\n",
       " 30469,\n",
       " 30470,\n",
       " 30471,\n",
       " 30472,\n",
       " 30473,\n",
       " 30474,\n",
       " 30475,\n",
       " 30476,\n",
       " 30477,\n",
       " 30478,\n",
       " 30479,\n",
       " 30480,\n",
       " 30481,\n",
       " 30482,\n",
       " 30483,\n",
       " 30484,\n",
       " 30485,\n",
       " 30486,\n",
       " 30487,\n",
       " 30488,\n",
       " 30489,\n",
       " 30490,\n",
       " 30491,\n",
       " 30492,\n",
       " 30493,\n",
       " 30494,\n",
       " 30495,\n",
       " 30496,\n",
       " 30497,\n",
       " 30498,\n",
       " 30499,\n",
       " 30500,\n",
       " 30501,\n",
       " 30502,\n",
       " 30503,\n",
       " 30504,\n",
       " 30505,\n",
       " 30506,\n",
       " 30507,\n",
       " 30508,\n",
       " 30509,\n",
       " 30510,\n",
       " 30511,\n",
       " 30512,\n",
       " 30513,\n",
       " 30514,\n",
       " 30515,\n",
       " 30516,\n",
       " 30517,\n",
       " 30518,\n",
       " 30519,\n",
       " 30520,\n",
       " 30521,\n",
       " 30522,\n",
       " 30523,\n",
       " 30524,\n",
       " 30525,\n",
       " 30526,\n",
       " 30527,\n",
       " 30528,\n",
       " 30529,\n",
       " 30530,\n",
       " 30531,\n",
       " 30532,\n",
       " 30533,\n",
       " 30534,\n",
       " 30535,\n",
       " 30536,\n",
       " 30537,\n",
       " 30538,\n",
       " 30539,\n",
       " 30540,\n",
       " 30541,\n",
       " 30542,\n",
       " 30543,\n",
       " 30544,\n",
       " 30545,\n",
       " 30546,\n",
       " 30547,\n",
       " 30548,\n",
       " 30549,\n",
       " 30550,\n",
       " 30551,\n",
       " 30552,\n",
       " 30553,\n",
       " 30554,\n",
       " 30555,\n",
       " 30556,\n",
       " 30557,\n",
       " 30558,\n",
       " 30559,\n",
       " 30560,\n",
       " 30561,\n",
       " 30562,\n",
       " 30563,\n",
       " 30564,\n",
       " 30565,\n",
       " 30566,\n",
       " 30567,\n",
       " 30568,\n",
       " 30569,\n",
       " 30570,\n",
       " 30571,\n",
       " 30572,\n",
       " 30573,\n",
       " 30574,\n",
       " 30575,\n",
       " 30576,\n",
       " 30577,\n",
       " 30578,\n",
       " 30579,\n",
       " 30580,\n",
       " 30581,\n",
       " 30582,\n",
       " 30583,\n",
       " 30584,\n",
       " 30585,\n",
       " 30586,\n",
       " 30587,\n",
       " 30588,\n",
       " 30589,\n",
       " 30590,\n",
       " 30591,\n",
       " 30592,\n",
       " 30593,\n",
       " 30594,\n",
       " 30595,\n",
       " 30596,\n",
       " 30597,\n",
       " 30598,\n",
       " 30599,\n",
       " 30600,\n",
       " 30601,\n",
       " 30602,\n",
       " 30603,\n",
       " 30604,\n",
       " 30605,\n",
       " 30606,\n",
       " 30607,\n",
       " 30608,\n",
       " 30609,\n",
       " 30610,\n",
       " 30611,\n",
       " 30612,\n",
       " 30613,\n",
       " 30614,\n",
       " 30615,\n",
       " 30616,\n",
       " 30617,\n",
       " 30618,\n",
       " 30619,\n",
       " 30620,\n",
       " 30621,\n",
       " 30622,\n",
       " 30623,\n",
       " 30624,\n",
       " 30625,\n",
       " 30626,\n",
       " 30627,\n",
       " 30628,\n",
       " 30629,\n",
       " 30630,\n",
       " 30631,\n",
       " 30632,\n",
       " 30633,\n",
       " 30634,\n",
       " 30635,\n",
       " 30636,\n",
       " 30637,\n",
       " 30638,\n",
       " 30639,\n",
       " 30640,\n",
       " 30641,\n",
       " 30642,\n",
       " 30643,\n",
       " 30644,\n",
       " 30645,\n",
       " 30646,\n",
       " 30647,\n",
       " 30648,\n",
       " 30649,\n",
       " 30650,\n",
       " 30651,\n",
       " 30652,\n",
       " 30653,\n",
       " 30654,\n",
